111
190
250
300
301
302
320
321
330
340
350
351
360
370
380
390
391
400
420
430
440
450
460
470
480
490
510
600
610
630
640
650
660
661
670
810
811
812
820
830
900
910
920
930
940
950
960
1001
1003
1005
1007
1009
1011
1013
1015
1017
1019
1021
1023
1025
1051
1053
1055
1057
1059
1061
1063
1065
1067
1069
1071
1073
1075
1100
1110
1120
1130
1140
1150
1160
1170
1180
1190
1200
1210
1220
1235
1240
1290
1310
1320
1330
1340
1350
1400
1410
1420
1430
1440
1450
1460
1470
1480
1490
1500
1510
1520
1530
1540
1550
1560
1570
1590
1690
1700
1710
1720
1730
1740
1750
1760
1830
1831
1840
1841
2020
2030
2050
2090
2100
2120
2130
2190
2900
2901
2902
2903
2904
2905
2906
2907
2908
2909
2910
2911
2912
2913
2914
2915
2916
2917
2918
2919
2950
2951
2952
2953
2954
2955
2956
2957
2958
2959
2960
2961
2962
2963
2964
2990
3030
3050
3051
3060
3070
3300
3310
3311
3320
3350
3360
3361
3500
3510
3520
3550
3580
3610
8000
8102
8185
8186
8193
9500
9501
9510
10000
10010
10020
10030
10040
10060
10070
10100
10101
10102
10103
10104
10105
10106
10107
10140
10160
10161
10162
10163
10164
10165
10166
10167
10168
10200
10900
10901
10902
10903
10904
10905
10906
10907
10908
10909
10910
10911
10912
10913
10914
10915
10916
10917
10918
10919
15000
15010
15020
15030
15040
15050
15060
15080
15090
15100
15110
15120
15130
15140
15150
15160
15340
15341
15400
15410
15420
15430
20650
20651
20652
20653
20654
20660
20680
20681
20682
20683
20685
20690
20691
20710
20720
20721
20722
20723
20740
20750
20751
20753
20760
20761
20770
20775
20780
20795
20800
20801
20802
20810
20811
20812
20820
20825
20830
20831
20840
20841
20842
20845
20850
20852
20855